000000000000000000000000000000000000000000000000000000000000000000000000000000000 123456789456789123789123456214365897365897214897214365531642978642978531978531642
000000000000000000000000000000000000000000000000000000000000000000000000000000000 123456789456789123789123456214365897365897214897214365531642978642978531978531642
000000000000000000000000000000000000000000000000000000000000000000000000000000000 123456789456789123789123456214365897365897214897214365531642978642978531978531642
070002100000000000000000300000709000090000816000030000000000050600000000020000700 374562189152398467869147325216789534793254816485631972947823651631475298528916743
000070005001000300900000010000000000000000008000000200000000000000520000395001000 234176895561289347978345612123458976657912438489637251812794563746523189395861724
123000000456000000000700000000000000000000000000000000000000000000000000000000000 X
123000000456000000000700000000000000000000000000000000000000000000000000000000000 X
008009062000000005102500000000210090050000600600000028410608000860030100000000400 548179362376824915192563874784216593259387641631945728415698237867432159923751486
008009062000000005102500000000210090050000600600000028410608000860030100000000400 548179362376824915192563874784216593259387641631945728415698237867432159923751486
500000000000000000000000000000500000000000000000000000000000000000000000000000000 512346789346789125789125346123564897457891263698237451231658974864973512975412638
123000000456000000000000000000700000000000000000000000000000000000000000000000000 123456789456879123789123456214735698365918247897264315531682974642597831978341562
123456789456789123789123456214365897365897214897214365531642978642978531978531642 123456789456789123789123456214365897365897214897214365531642978642978531978531642
123456789456789123789123456214365897365897214897214365531642978642978531978531642 123456789456789123789123456214365897365897214897214365531642978642978531978531642
100000000000000000000000000000000000000000000000000000000000000000000000000000000 123456789456789123789123456214365897365897214897214365531642978642978531978531642
123000000456000000000000000000000000000000000000000000000000000000000000000000000 123456789456789123789123456214365897365897214897214365531642978642978531978531642
540170300376824910090063874784006503209387041031945700005090237007402059923751086 548179326376824915192563874784216593259387641631945782415698237867432159923751486
540170300376824910090063874784006503209387041031945700005090237007402059923751086 548179326376824915192563874784216593259387641631945782415698237867432159923751486
004000000000000000000000004000068070000095800000000010000100340002000000010000000 X
000000000003000080000501070000050048030000000000009007000600000600000000200040300 124378569573496182869521473716253948932784615458169237385612794647935821291847356
000000050040000000000000001900020000020600006030000000300000000000206005000000030 X
600007090009000000000000000000000000300000000000030000000500200000008500000700094 612347895439185627578269134125674983384951762967832451746593218293418576851726394
080000000500000000004000010010000000000007406000000200600020000000000800002000000 X
000000000004000100000001000000008000000000009000050030000000300510000000070040000 123465798654789123789231456231698547465327819897154632942816375516973284378542961
000700030000000020000000000000300040000000500905000000000000000000007000000000009 X
000000000040002000000000010007000000000000070000109000000000007008001002030090000 123456789749812356586937214217364598394285671865179423951623847678541932432798165
000070000098000000000000090010030002000900000803000005030000000000000000000008500 X
070003203000000000089000000900002000000000000000000000700000000040000000000005008 X
000000001000000000050840000000000000060000000000000008000020000000000000000030000 X
000000000000002000000008305000900000000000000000000000700000000000003000200000000 X
000030080001000000000900000000000000000000000000050000000000000000300000000000060 245136789391278456678945123123469578457813692869752314512684937786391245934527861
580030000000000000000000000000000000600000000000000000000000400003000000000000500 581234679234679158769158234125347896647891325398526741852913467413765982976482513
000000000000000000060003500000000040000000080000000000700000000000000000000000003 123456798457189236869273514215368947346792185978514362731645829682937451594821673
000000000000000000001070000000000000000000000090048007000020004005000000100000000 234156789567289143981374256413762895758913462692548317879621534345897621126435978
000000090000000000000000000000030000070000000000800000003001000007300000000000500 124563798356789124789124356241635879678912435935847261463251987517398642892476513
000000000900000000000000000200000000000000000000090100000003090004000000000007003 123456789945178236678239415216384957459712368387695124762543891834961572591827643
000000080000000000094300000000000000000000000000003000000000000030000000000090007 123456789567189234894327156215648973346972518789513462472835691931764825658291347
400700900000000000000000000000000000000060000010000000000000001000400000005809000 421735968356189247789246135234517689597862314618394572842653791973421856165879423
007000000000000900000000000000000000000006000000000300000700000000030090000000400 127349568345168927689257134214573689538496271976812345493721856851634792762985413
006000000000000030400025000000000800030000000000000000000000000002000000000010000 126347589578169234493825167214573896639281475785496312361752948942638751857914623
000070000000000000000000000000000000050000080040030000100000000006000000000000000 213475698465189237789263145321548769657912384948637512132794856596821473874356921
000000000090000000800000000000700000000000000900000000000000000000000000000001000 123456789495178236867239145214763598356892417978514362531687924649325871782941653
000000000020000000000000000000060000000000004000000060000000009000000006000900000 134256798526789143789134625213465987657891234498327561341672859972548316865913472
020000080000000056000000000000000000400000070000000000000041000000000100000000000 123456789748129356569378214215637498436892571897514623352941867984765132671283945
000700005100000000000000090000000800000004000000000010000000000300000000000000000 234719685159268347678345192412536879587194236963827514721453968346982751895671423
000002000000080000000000009000000000002000050000000000000000000900000000000000000 134592678259687134678134529315246897462879351897315246541728963923461785786953412
000000032000000000070020087000000300000000000000000400000000000000000000070000500 X
000000500000000000000000000000020000091000000074000080000062000010300000000000000 123476598456189237789235146365728419891643725274591683548962371912357864637814952
000002000000000003002007000003000000000000000000000000001006000600000500000000000 134562789567189243892347156213458697475691328986273415751826934628934571349715862
000000000000090004000000060000000002000000000000080005000000086000500000000300000 X
000000000000000000803006000000000000000600007000000000000000800000400700000000000 124357689567189234893246175215734968348691527679528341431972856982465713756813492
000000000300007000000000000000000000005000000000000001000000000000000000000004000 X
005000000009000000000000000000000060000000000000000000000800006006000000000100000 X
000000000003000000000000000000000000000000000000002000000000000000000000000000000 124356789563789124789124356215437698346598217897612435431865972652971843978243561
000000000690000000008000000000000000000000000006000500000000900000000800007000005 X
000080000000030100900000000000007000000060000030800000064000000000000000000000000 123485679456739128978126345215347896847961253639852417564273981381594762792618534
000005002060000000000000000000000000000000000000100000009070000000000001000000000 134685792265397148798214356312456879486729513957138264629871435573942681841563927
000000500000000009000000000039000007000000000000000000000000000000000000000000000 123469578456178239798235146239514687514687392687392415371826954842951763965743821
000000000400000000000000000000000000000810020000000001000050000000000000000030009 X
000000000000000000000000000100000000000200003000000000000000000000000000000300700 X
000000000000000000000030005000000000004100500000070600000000000000090000000402006 X
000000000000830000000000000000000000008000000000000000010000030000000080000060000 123456798457839126689127345231548967568792413974613852712985634346271589895364271
000000000000006900010000000000000000000000049000000000000800200000000090000090000 234159678578236914619478325123945786785362149496781532957814263861523497342697851
000000020000020000010000000603090008002006000000300000000000000000000000000000006 345167829768429135219538467653291748172846593894375612426753981987612354531984276
001060000000000000070000000000000000000000000000000000000030000000000000300000059 231465789456789123879123456123546978547298361698317542765932814912854637384671259
060050000080100000000000200000000000000000000605000700000000000000500004200000000 000000000000000000000000000000000700000000000000000020000000000009020000000041285
000000000000000050000096000640000000000000500010002400000000000000000010080006000 X
000000000100030000000000000210000000000000080000000004007000103500000000000000000 324156798158739246679248315215684937493527681786391524847962153562413879931875462
000000000000000300000001000000000000000000051000000000020030800000000000004000000 132456789456789312789321465213564978647893251598172634921635847375248196864917523
000009000000000500600040000080000000000000000000310000000000800000500000009000000 X
